date,close,SMA5,SMA20
2017-01-02,3308.67,,
2017-01-03,3315.02,,
2017-01-04,3317.52,,
2017-01-05,3316.47,,
2017-01-06,3321.17,3315.7699999999995,
2017-01-09,3308.97,3315.8300000000004,
2017-01-10,3306.21,3314.068,
2017-01-11,3307.94,3312.1519999999996,
2017-01-12,3286.7,3306.1979999999994,
2017-01-13,3324.34,3306.832,
2017-01-16,3294.53,3303.9440000000004,
2017-01-17,3285.04,3299.7100000000005,
2017-01-18,3294.0,3296.922,
2017-01-19,3290.33,3297.6479999999997,
2017-01-20,3299.44,3292.668,
2017-01-23,3273.04,3288.3700000000003,
2017-01-24,3281.53,3287.668,
2017-01-25,3326.15,3294.0980000000004,
2017-01-26,3319.13,3299.858,
2017-01-27,3303.33,3300.636,3303.9764999999998
2017-01-30,3262.72,3298.572,3301.679
2017-01-31,3230.68,3288.4019999999996,3297.4619999999995
2017-02-01,3258.92,3274.956,3294.532
2017-02-02,3253.61,3261.852,3291.389
2017-02-03,3273.11,3255.808,3288.986
2017-02-06,3238.31,3250.9260000000004,3285.453
2017-02-07,3235.71,3251.932,3281.928
2017-02-08,3238.04,3247.756,3278.433
2017-02-09,3277.79,3252.5919999999996,3277.9875
2017-02-10,3270.83,3252.136,3275.312
2017-02-13,3305.23,3265.5199999999995,3275.847
2017-02-14,3308.89,3280.156,3277.0395
2017-02-15,3323.71,3297.2899999999995,3278.525
2017-02-16,3311.04,3303.94,3279.5604999999996
2017-02-17,3308.81,3311.536,3280.029
2017-02-20,3312.39,3312.968,3281.9964999999997
2017-02-21,3339.33,3319.0559999999996,3284.8864999999996
2017-02-22,3339.27,3322.168,3285.5425000000005
2017-02-23,3333.96,3326.7519999999995,3286.2840000000006
2017-02-24,3304.09,3325.808,3286.322
2017-02-27,3309.3,3325.19,3288.6510000000003
2017-02-28,3319.61,3321.246,3293.0975
2017-03-01,3390.2,3331.432,3299.6614999999997
2017-03-02,3384.71,3341.582,3306.2165
2017-03-03,3403.39,3361.442,3312.7305
2017-03-06,3387.46,3377.0739999999996,3320.1880000000006
2017-03-07,3385.12,3390.1759999999995,3327.6585
2017-03-08,3389.62,3390.06,3335.2375
2017-03-09,3409.89,3395.096,3341.8425
2017-03-10,3416.27,3397.672,3349.1144999999997
2017-03-13,3415.49,3403.278,3354.6275
2017-03-14,3399.43,3406.1399999999994,3359.1544999999996
2017-03-15,3409.32,3410.0800000000004,3363.435
2017-03-16,3439.96,3416.094,3369.881
2017-03-17,3448.41,3422.522,3376.861
2017-03-20,3437.48,3426.9199999999996,3383.1155
2017-03-21,3429.62,3432.958,3387.6299999999997
2017-03-22,3420.7,3435.2339999999995,3391.7015
2017-03-23,3452.18,3437.678,3397.6125
2017-03-24,3444.15,3436.8259999999996,3404.6155
2017-03-27,3437.14,3436.7580000000003,3411.0075000000006
2017-03-28,3465.07,3443.8480000000004,3418.2805
2017-03-29,3475.27,3454.762,3422.5339999999997
2017-03-30,3481.58,3460.642,3427.3775
2017-03-31,3500.93,3471.9979999999996,3432.2545
2017-04-03,3472.94,3479.1580000000004,3436.5284999999994
2017-04-04,3481.66,3482.476,3441.3555
2017-04-05,3472.58,3481.9379999999996,3445.5035000000003
2017-04-06,3489.57,3483.536,3449.4875
2017-04-07,3495.8,3482.5099999999998,3453.464
2017-04-10,3480.44,3484.0099999999998,3456.7115
2017-04-11,3470.04,3481.686,3460.2419999999997
2017-04-12,3468.51,3480.8720000000003,3463.2015
2017-04-13,3448.26,3472.6099999999997,3463.6165
2017-04-18,3409.78,3455.4060000000004,3461.685
2017-04-19,3420.99,3443.5160000000005,3460.8605000000002
2017-04-20,3440.03,3437.514,3461.3810000000003
2017-04-21,3440.27,3431.8660000000004,3462.3595
2017-04-24,3577.38,3457.69,3468.6195
2017-04-25,3583.16,3492.3660000000004,3475.5699999999997
2017-04-26,3578.71,3523.91,3482.6485000000002
2017-04-27,3563.29,3548.5620000000004,3487.5595000000003
2017-04-28,3559.59,3572.4260000000004,3491.7754999999997
2017-05-01,3559.59,3568.868,3495.6759999999995
2017-05-02,3578.21,3567.8779999999997,3499.54
2017-05-03,3586.25,3569.386,3505.2055
2017-05-04,3627.88,3582.304,3512.5165
2017-05-05,3658.79,3602.1440000000002,3521.8269999999998
2017-05-08,3642.11,3618.6479999999997,3529.454
2017-05-09,3649.08,3632.822,3537.118
2017-05-10,3645.74,3644.72,3545.3830000000003
2017-05-11,3623.55,3643.8540000000003,3553.0585
2017-05-12,3637.52,3639.6,3561.5089999999996
2017-05-15,3641.88,3639.554,3571.19
2017-05-16,3641.89,3638.1159999999995,3582.7955
2017-05-17,3584.83,3625.9339999999997,3590.9875
2017-05-18,3562.22,3613.668,3597.097
2017-05-19,3587.01,3603.5660000000003,3604.434
2017-05-22,3576.53,3590.496,3604.3915
2017-05-23,3595.03,3581.124,3604.9849999999997
2017-05-24,3586.62,3581.482,3605.3804999999993
2017-05-25,3584.55,3585.9480000000003,3606.4435
2017-05-26,3579.02,3584.35,3607.415
2017-05-29,3578.95,3584.834,3608.3830000000003
2017-05-30,3561.22,3578.072,3607.5335
2017-05-31,3554.59,3571.666,3605.9505
2017-06-01,3567.02,3568.16,3602.9075
2017-06-02,3591.82,3570.72,3599.559
2017-06-05,3579.55,3570.84,3596.4309999999996
2017-06-06,3554.18,3569.432,3591.686
2017-06-07,3548.84,3568.282,3586.8409999999994
2017-06-08,3563.88,3567.654,3583.8575000000005
2017-06-09,3586.07,3566.504,3581.285
2017-06-12,3543.95,3559.3840000000005,3576.3885
2017-06-13,3557.87,3560.1220000000003,3572.1875
2017-06-14,3547.15,3559.7840000000006,3570.3034999999995
2017-06-15,3525.46,3552.1,3568.4655
2017-06-16,3543.88,3543.6620000000003,3566.309
2017-06-19,3579.58,3550.7879999999996,3566.4615
2017-06-20,3560.66,3551.346,3564.743
2017-06-21,3554.35,3552.786,3563.1295
2017-06-22,3555.76,3558.846,3561.69
2017-06-23,3543.68,3558.8059999999996,3559.9230000000002
2017-06-26,3561.76,3555.2419999999997,3559.0635
2017-06-27,3538.32,3550.7740000000003,3557.9184999999998
2017-06-28,3535.7,3547.0440000000003,3556.9740000000006
2017-06-29,3471.33,3530.1580000000004,3552.1895000000004
2017-06-30,3441.88,3509.798,3544.6924999999997
2017-07-03,3491.81,3495.808,3540.3055
2017-07-04,3479.47,3484.0379999999996,3536.5699999999997
2017-07-05,3478.41,3472.5799999999995,3533.0485
2017-07-06,3462.06,3470.726,3527.9574999999995
2017-07-07,3463.84,3475.118,3521.846
2017-07-10,3478.06,3472.368,3518.5515
2017-07-11,3464.48,3469.37,3513.882
2017-07-12,3515.23,3476.7339999999995,3512.286
2017-07-13,3527.83,3489.888,3512.4044999999996
2017-07-14,3525.94,3502.308,3511.5074999999997
2017-07-17,3516.35,3509.9660000000003,3508.3460000000005
2017-07-18,3478.68,3512.8059999999996,3504.2470000000003
2017-07-19,3500.28,3509.8160000000003,3501.5434999999998
2017-07-20,3499.49,3504.1479999999997,3498.7300000000005
2017-07-21,3451.71,3489.3020000000006,3494.1314999999995
2017-07-24,3453.17,3476.666,3488.7019999999998
2017-07-25,3473.54,3475.638,3485.4630000000006
2017-07-26,3491.19,3473.8200000000006,3483.2375
2017-07-27,3493.14,3472.55,3484.328
2017-07-28,3467.73,3475.754,3485.6205
2017-07-31,3449.36,3474.9919999999997,3483.4980000000005
2017-08-01,3477.39,3475.7619999999997,3483.3940000000002
2017-08-02,3459.32,3469.3880000000004,3482.4395000000004
2017-08-03,3466.37,3464.0340000000006,3482.655
2017-08-04,3507.41,3471.97,3484.8335000000006
2017-08-07,3505.8,3483.2580000000003,3486.2204999999994
2017-08-08,3515.63,3490.906,3488.778
2017-08-09,3468.45,3492.732,3486.439
2017-08-10,3433.54,3486.166,3481.7245000000003
2017-08-11,3406.34,3465.952,3475.7445
2017-08-14,3450.66,3454.924,3472.4600000000005
2017-08-15,3461.91,3444.1799999999994,3471.6214999999997
2017-08-16,3484.57,3447.404,3470.8360000000002
2017-08-17,3461.97,3453.0899999999992,3468.96
2017-08-18,3446.03,3461.028,3468.6760000000004
2017-08-21,3423.53,3455.602,3467.1940000000004
2017-08-22,3455.59,3454.3379999999997,3466.2964999999995
2017-08-23,3438.63,3445.15,3463.6684999999998
2017-08-24,3444.73,3441.702,3461.2479999999996
2017-08-25,3438.55,3440.2059999999997,3459.7889999999998
2017-08-28,3421.03,3439.7060000000006,3458.3725
2017-08-29,3388.22,3426.232,3453.9139999999998
2017-08-30,3403.71,3419.2480000000005,3451.1335
2017-08-31,3421.47,3414.596,3448.8885
2017-09-01,3443.88,3415.6619999999994,3445.7120000000004
2017-09-04,3429.98,3417.452,3441.921
2017-09-05,3420.86,3423.9800000000005,3437.1825
2017-09-06,3433.8,3429.9980000000005,3435.45
2017-09-07,3447.66,3435.236,3436.1560000000004
2017-09-08,3447.69,3435.9980000000005,3438.2235
2017-09-11,3495.19,3449.04,3440.45
2017-09-12,3512.56,3467.38,3442.9824999999996
2017-09-13,3523.14,3485.2480000000005,3444.911
2017-09-14,3526.48,3501.012,3448.1364999999996
2017-09-15,3515.55,3514.5840000000003,3451.6125
2017-09-18,3526.74,3520.8940000000002,3456.773
2017-09-19,3531.18,3524.618,3460.5525000000002
2017-09-20,3525.55,3525.1,3464.8985000000002
2017-09-21,3539.59,3527.722,3469.6415
2017-09-22,3541.42,3532.8959999999997,3474.785
2017-09-25,3537.81,3535.1099999999997,3480.624
2017-09-26,3536.38,3536.15,3488.032
2017-09-27,3555.17,3542.0740000000005,3495.6049999999996
2017-09-28,3563.64,3546.8840000000005,3502.7134999999994
2017-09-29,3594.85,3557.5699999999997,3510.262
2017-10-02,3602.69,3570.546,3518.8975
2017-10-03,3605.73,3584.416,3528.1409999999996
2017-10-04,3594.91,3592.364,3536.1965000000005
2017-10-05,3613.54,3602.344,3544.4905
2017-10-06,3603.32,3604.0380000000005,3552.272
2017-10-09,3610.5,3605.6,3558.0375
2017-10-10,3598.79,3604.2120000000004,3562.3489999999997
2017-10-11,3607.39,3606.708,3566.5615
2017-10-12,3605.54,3605.108,3570.5145
2017-10-13,3604.55,3605.3540000000003,3574.9644999999996
2017-10-16,3606.27,3604.5080000000003,3578.941
2017-10-17,3607.77,3606.304,3582.7705
2017-10-18,3619.65,3608.756,3587.4754999999996
2017-10-19,3602.08,3608.064,3590.6
2017-10-20,3605.09,3608.172,3593.7835
2017-10-23,3608.87,3608.692,3597.3365000000003
2017-10-24,3610.69,3609.2760000000003,3601.0520000000006
2017-10-25,3591.46,3603.638,3602.8665
2017-10-26,3637.2,3610.6620000000003,3606.5445
2017-10-27,3652.23,3620.09,3609.4135
2017-10-30,3662.18,3630.7519999999995,3612.388
2017-10-31,3673.95,3643.404,3615.799
2017-11-01,3697.4,3664.5919999999996,3620.9235
2017-11-02,3688.8,3674.9119999999994,3624.6865000000007
2017-11-03,3689.96,3682.458,3629.0184999999997
2017-11-06,3682.36,3686.494,3632.6115
2017-11-07,3658.77,3683.458,3635.6105000000002
2017-11-08,3655.04,3674.986,3637.993
2017-11-09,3612.5,3659.726,3638.3409999999994
2017-11-10,3593.76,3640.486,3637.8015000000005
2017-11-13,3574.52,3618.918,3636.214
2017-11-14,3556.38,3598.44,3633.6445
2017-11-15,3545.72,3576.5759999999996,3629.9480000000003
2017-11-16,3564.8,3567.036,3628.0840000000003
2017-11-17,3547.46,3557.7760000000003,3625.2025000000003
2017-11-20,3561.41,3555.154,3622.8295
2017-11-21,3579.32,3559.7419999999997,3621.261
2017-11-22,3562.65,3563.1279999999997,3619.8205000000003
2017-11-23,3572.07,3564.582,3616.564
2017-11-24,3581.23,3571.3360000000002,3613.014
2017-11-27,3564.02,3571.858,3608.1059999999998
2017-11-28,3583.49,3572.692,3603.583
2017-11-29,3589.91,3578.1439999999993,3598.2084999999997
2017-11-30,3569.93,3577.7159999999994,3592.2649999999994
2017-12-01,3527.55,3566.9800000000005,3584.1445
2017-12-04,3576.22,3569.4199999999996,3578.8375
2017-12-05,3570.57,3566.8360000000002,3574.4275000000002
2017-12-06,3561.57,3561.168,3569.754
2017-12-07,3573.13,3561.808,3567.7855000000004
2017-12-08,3591.45,3574.5879999999997,3567.6699999999996
2017-12-11,3582.21,3575.786,3568.0545000000006
2017-12-12,3600.35,3581.7419999999997,3570.2529999999997
2017-12-13,3581.75,3585.778,3572.0544999999997
2017-12-14,3556.22,3582.3959999999997,3571.6254999999996
2017-12-15,3560.53,3576.2119999999995,3572.279
2017-12-18,3609.42,3581.654,3574.6794999999997
2017-12-19,3582.22,3578.028,3574.8244999999997
2017-12-20,3552.65,3572.208,3574.3245
2017-12-21,3570.78,3575.1200000000003,3574.2600000000007
2017-12-22,3553.39,3573.692,3572.868
2017-12-27,3550.17,3561.8419999999996,3572.1755000000003
2017-12-28,3524.31,3550.2599999999998,3569.2165
2017-12-29,3503.96,3540.522,3564.9190000000003
2018-01-02,3490.19,3524.404,3560.932
2018-01-03,3509.88,3515.702,3560.0485
2018-01-04,3568.88,3519.4440000000004,3559.6815
2018-01-05,3607.63,3536.108,3561.5344999999993
2018-01-08,3616.45,3558.6059999999998,3564.2785000000003
2018-01-09,3622.87,3585.142,3566.7655
2018-01-10,3609.83,3605.132,3567.6845000000003
2018-01-11,3595.24,3610.404,3568.3359999999993
2018-01-12,3612.61,3611.4,3568.9489999999996
2018-01-15,3611.81,3610.472,3570.452
2018-01-16,3622.01,3610.3,3573.7415
2018-01-17,3612.78,3610.8900000000003,3576.3540000000003
2018-01-18,3620.91,3616.0240000000003,3576.9285000000004
2018-01-19,3649.07,3623.3160000000003,3580.2709999999997
2018-01-22,3665.28,3634.0099999999998,3585.9024999999992
2018-01-23,3672.29,3644.0660000000003,3590.978
2018-01-24,3643.22,3650.154,3595.4695
2018-01-25,3630.15,3652.0020000000004,3599.4685
2018-01-26,3647.41,3651.6700000000005,3605.6235
2018-01-29,3643.04,3647.222,3612.5774999999994
2018-01-30,3606.75,3634.114,3618.4055
2018-01-31,3609.29,3627.328,3623.376
2018-02-01,3577.35,3616.768,3623.7994999999996
2018-02-02,3523.28,3591.942,3619.582
2018-02-05,3478.77,3559.0879999999997,3612.6979999999994
2018-02-06,3394.92,3516.722,3601.3005
2018-02-07,3454.52,3485.768,3593.535
2018-02-08,3377.3,3445.7580000000003,3582.6380000000004
2018-02-09,3325.99,3406.3,3568.307
2018-02-12,3368.25,3384.196,3556.1289999999995
2018-02-13,3340.93,3373.398,3542.075
2018-02-14,3369.83,3356.46,3529.9275000000002
2018-02-15,3389.63,3358.9259999999995,3518.3634999999995
2018-02-16,3426.8,3379.0879999999997,3507.25
2018-02-19,3407.79,3386.996,3494.3755000000006
2018-02-20,3435.08,3405.8259999999996,3482.5150000000003
2018-02-21,3430.16,3417.892,3471.8619999999996
2018-02-22,3431.99,3426.364,3461.954
2018-02-23,3441.46,3429.296,3451.6565
2018-02-26,3463.18,3440.374,3442.6635
2018-02-27,3458.03,3444.964,3435.2275
2018-02-28,3438.96,3446.7239999999997,3426.7110000000002
2018-03-01,3399.16,3440.1580000000004,3417.8015
2018-03-02,3324.75,3416.8160000000003,3407.875
2018-03-05,3355.32,3395.244,3401.7025000000003
2018-03-06,3357.86,3375.21,3399.8494999999994
2018-03-07,3377.36,3362.8900000000003,3395.9915
2018-03-08,3413.28,3365.714,3397.7905
2018-03-09,3420.54,3384.8720000000003,3402.518
2018-03-12,3429.48,3399.704,3405.5795
2018-03-13,3397.35,3407.602,3408.4004999999997
2018-03-14,3390.98,3410.326,3409.458
2018-03-15,3414.13,3410.496,3410.683
2018-03-16,3437.4,3413.868,3411.2129999999997
2018-03-19,3394.79,3406.9300000000003,3410.5630000000006
2018-03-20,3412.08,3409.876,3409.4130000000005
2018-03-21,3401.04,3411.888,3407.957
2018-03-22,3348.19,3398.7,3403.767
2018-03-23,3298.07,3370.834,3396.5975
2018-03-26,3278.72,3347.62,3387.3745000000004
2018-03-27,3316.95,3328.594,3380.3205000000003
2018-03-28,3331.25,3314.636,3374.935
2018-03-29,3361.5,3317.2980000000002,3373.0519999999997
2018-04-03,3346.93,3327.0699999999997,3374.161
2018-04-04,3340.35,3339.3959999999997,3373.4125
2018-04-05,3429.95,3361.996,3377.017
2018-04-06,3408.1,3377.3660000000004,3378.554
2018-04-09,3414.85,3388.036,3378.6324999999997
2018-04-10,3438.78,3406.406,3379.5445
2018-04-11,3419.71,3422.278,3379.0559999999996
2018-04-12,3443.97,3425.082,3381.3869999999997
2018-04-13,3448.0,3433.0620000000004,3384.238
2018-04-16,3441.04,3438.3,3385.5834999999997
2018-04-17,3477.91,3446.126,3387.6090000000004
2018-04-18,3490.89,3460.3619999999996,3392.4139999999998
2018-04-19,3486.6,3468.888,3396.1400000000003
2018-04-20,3494.2,3478.1279999999997,3400.798
2018-04-23,3513.06,3492.532,3409.0415000000003
2018-04-24,3510.88,3499.1259999999993,3419.682
2018-04-25,3485.83,3498.114,3430.0375
2018-04-26,3506.03,3502.0,3439.4915
2018-04-27,3518.78,3506.916,3448.868
2018-04-30,3536.52,3511.608,3457.619
2018-05-01,3536.26,3516.684,3467.0855
2018-05-02,3553.79,3530.2760000000003,3477.7574999999997
2018-05-03,3529.12,3534.8940000000002,3482.7160000000003
2018-05-04,3550.59,3541.2560000000003,3489.8405
2018-05-07,3564.19,3546.79,3497.3075000000003
2018-05-08,3557.88,3551.114,3503.2625
2018-05-09,3569.74,3554.304,3510.764
2018-05-10,3569.71,3562.422,3517.0510000000004
2018-05-11,3565.52,3565.4080000000004,3522.9269999999997
2018-05-14,3565.74,3565.718,3529.1620000000003
2018-05-15,3564.29,3567.0,3533.4809999999998
2018-05-16,3562.85,3565.6220000000003,3537.079
2018-05-17,3592.18,3570.1159999999995,3542.3579999999993
2018-05-18,3573.76,3571.764,3546.3360000000002
2018-05-21,3572.57,3573.13,3549.3115
2018-05-22,3587.25,3577.722,3553.1299999999997
2018-05-23,3541.82,3573.5160000000005,3555.9294999999997
2018-05-24,3521.76,3559.432,3556.7159999999994
2018-05-25,3515.36,3547.7520000000004,3556.5449999999996
2018-05-28,3482.64,3529.7660000000005,3553.8509999999997
2018-05-29,3428.14,3497.9440000000004,3548.4449999999997
2018-05-30,3441.19,3477.818,3542.815
2018-05-31,3406.65,3454.796,3536.6915
2018-06-01,3453.54,3442.432,3531.839
2018-06-04,3469.57,3439.818,3527.108
2018-06-05,3456.79,3445.5480000000002,3522.0535000000004
2018-06-06,3460.82,3449.4740000000006,3516.6074999999996
2018-06-07,3459.77,3460.0979999999995,3511.1105
2018-06-08,3447.3,3458.85,3505.1995
2018-06-11,3480.22,3460.9800000000005,3500.9235
2018-06-12,3475.58,3464.738,3496.4880000000003
2018-06-13,3479.56,3468.486,3492.3235
2018-06-14,3527.11,3481.954,3489.0700000000006
2018-06-15,3505.02,3493.4980000000005,3485.6330000000003
2018-06-18,3466.65,3490.7839999999997,3480.3370000000004
2018-06-19,3435.3,3482.728,3472.7395000000006
2018-06-20,3439.6,3474.736,3467.6285
2018-06-21,3403.51,3450.0159999999996,3461.7160000000003
2018-06-22,3441.6,3437.332,3458.028
2018-06-25,3369.21,3417.844,3452.3565000000003
2018-06-26,3368.72,3404.528,3449.3855000000003
2018-06-27,3397.13,3396.0339999999997,3447.1825000000003
2018-06-28,3365.52,3388.436,3445.1259999999993
2018-06-29,3395.6,3379.236,3442.2290000000003
2018-07-02,3372.21,3379.8360000000002,3437.361
2018-07-03,3406.34,3387.3599999999997,3434.8385000000003
2018-07-04,3412.03,3390.34,3432.399
2018-07-05,3440.92,3405.4199999999996,3431.4565000000002
2018-07-06,3448.49,3415.9980000000005,3431.5160000000005
2018-07-09,3460.44,3433.6440000000002,3430.5269999999996
2018-07-10,3473.31,3447.0379999999996,3430.4135
2018-07-11,3422.35,3449.1020000000003,3427.553
2018-07-12,3445.49,3450.0159999999996,3423.472
2018-07-13,3454.54,3451.226,3420.9480000000003
2018-07-16,3449.08,3448.954,3420.0695
2018-07-17,3457.5,3445.792,3421.1794999999997
2018-07-18,3485.08,3458.3379999999997,3423.4534999999996
2018-07-19,3471.64,3463.568,3426.8599999999997
2018-07-20,3460.03,3464.6659999999997,3427.7815
2018-07-23,3454.05,3465.66,3432.0235000000002
2018-07-24,3483.31,3470.822,3437.7529999999997
2018-07-25,3468.45,3467.496,3441.3190000000004
2018-07-26,3509.26,3475.0199999999995,3448.506
2018-07-27,3527.18,3488.45,3455.0850000000005
2018-07-30,3512.31,3500.1020000000003,3462.09
2018-07-31,3525.49,3508.5379999999996,3468.0474999999997
2018-08-01,3509.23,3516.6940000000004,3472.9075000000003
2018-08-02,3469.21,3508.6839999999997,3474.322
2018-08-03,3482.4,3499.728,3476.0175000000004
2018-08-06,3483.3,3493.9260000000004,3477.1604999999995
2018-08-07,3504.37,3489.702,3478.7135000000003
2018-08-08,3493.6,3486.576,3482.2759999999994
2018-08-09,3494.13,3491.56,3484.708
2018-08-10,3426.28,3480.3360000000002,3483.2949999999996
2018-08-13,3409.68,3465.612,3481.325
2018-08-14,3409.44,3446.626,3478.9219999999996
2018-08-15,3359.08,3419.722,3472.6220000000003
2018-08-16,3377.56,3396.4080000000004,3467.917999999999
2018-08-17,3372.94,3385.7400000000002,3463.5634999999993
2018-08-20,3393.67,3382.5379999999996,3460.5445
2018-08-21,3411.66,3382.982,3456.9619999999995
2018-08-22,3420.18,3395.2019999999998,3454.5485
2018-08-23,3419.26,3403.542,3450.0485
2018-08-24,3427.44,3414.442,3445.0615
2018-08-27,3456.01,3426.91,3442.2465
2018-08-28,3447.57,3434.0919999999996,3438.3504999999996
2018-08-29,3456.13,3441.282,3435.6955000000003
2018-08-30,3430.99,3443.6279999999997,3433.7845
2018-08-31,3392.9,3436.72,3429.3095000000003
2018-09-03,3394.99,3424.5160000000005,3424.8940000000002
2018-09-04,3359.36,3406.874,3417.6435000000006
2018-09-05,3315.62,3378.772,3408.7445
2018-09-06,3295.95,3351.764,3398.8355
2018-09-07,3293.36,3331.8559999999998,3392.1895000000004
2018-09-10,3309.28,3314.714,3387.1695
2018-09-11,3311.66,3305.174,3382.2805
2018-09-12,3326.6,3307.37,3380.6565
2018-09-13,3333.68,3314.9159999999997,3378.4625
2018-09-14,3344.63,3325.1699999999996,3377.047
2018-09-17,3346.11,3332.536,3374.6690000000003
2018-09-18,3358.46,3341.8959999999997,3372.0090000000005
2018-09-19,3368.56,3350.2879999999996,3369.428
2018-09-20,3403.12,3364.1760000000004,3368.621
2018-09-21,3430.81,3381.4120000000003,3368.7895
2018-09-24,3410.44,3394.278,3366.511
2018-09-25,3419.78,3406.542,3365.1214999999997
2018-09-26,3433.15,3419.46,3363.9725
2018-09-27,3449.79,3428.7940000000003,3364.9125
2018-09-28,3399.2,3422.472,3365.2275
2018-10-01,3414.16,3423.2160000000003,3366.186
2018-10-02,3388.99,3417.058,3367.6675000000005
2018-10-03,3405.48,3411.524,3372.1604999999995
2018-10-04,3375.08,3396.582,3376.1169999999997
2018-10-05,3345.51,3385.844,3378.7245000000003
2018-10-08,3309.72,3364.9559999999997,3378.7465
2018-10-09,3321.79,3351.5160000000005,3379.2529999999997
2018-10-10,3266.9,3323.8,3376.268
2018-10-11,3209.19,3290.6220000000003,3370.0434999999998
2018-10-12,3194.41,3260.402,3362.5325000000003
2018-10-15,3210.37,3240.532,3355.7455
2018-10-16,3257.34,3227.6420000000003,3350.6895000000004
2018-10-17,3243.08,3222.878,3344.4155
2018-10-18,3211.59,3223.358,3334.839
2018-10-19,3210.82,3226.6400000000003,3323.8394999999996
2018-10-22,3190.09,3222.584,3312.822
2018-10-23,3140.94,3199.304,3298.88
2018-10-24,3130.33,3176.754,3283.739
2018-10-25,3164.4,3167.316,3269.4695
2018-10-26,3134.89,3152.13,3256.254
2018-10-29,3154.93,3145.098,3243.2925
2018-10-30,3147.13,3146.3360000000002,3231.1995
2018-10-31,3197.51,3159.772,3220.801
2018-11-01,3204.21,3167.734,3212.2574999999997
2018-11-02,3214.41,3183.638,3205.7025000000003
2018-11-05,3217.37,3196.126,3201.085
2018-11-06,3207.42,3208.1839999999997,3195.3665
2018-11-07,3246.16,3217.9139999999998,3194.3295
2018-11-08,3237.6,3224.5919999999996,3195.75
2018-11-09,3229.49,3227.6079999999997,3197.504
2018-11-12,3194.08,3222.95,3196.6895
2018-11-13,3224.82,3226.4299999999994,3195.0635
2018-11-14,3205.36,3218.2699999999995,3193.1775000000002
2018-11-15,3190.31,3208.8120000000004,3192.1135000000004
2018-11-16,3180.74,3199.0620000000004,3190.6094999999996
2018-11-19,3160.33,3192.3120000000004,3189.1215
2018-11-20,3116.07,3170.5620000000004,3187.8779999999997
2018-11-21,3153.91,3160.272,3189.057
2018-11-22,3126.67,3147.544,3187.1705
2018-11-23,3137.21,3138.8379999999997,3187.2865
2018-11-26,3172.71,3141.3140000000003,3188.1755000000003
2018-11-27,3166.42,3151.384,3189.14
2018-11-28,3168.29,3154.2599999999998,3187.679
2018-11-29,3174.16,3163.758,3186.1765
2018-11-30,3173.13,3170.942,3184.1125
2018-12-03,3214.99,3179.398,3183.9934999999996
2018-12-04,3189.25,3183.964,3183.085
2018-12-05,3150.27,3180.3599999999997,3178.2905
2018-12-06,3045.94,3154.716,3168.7074999999995
2018-12-07,3058.53,3131.796,3160.1595
2018-12-10,3016.99,3092.196,3151.305
2018-12-11,3055.32,3065.41,3142.83
2018-12-12,3107.97,3056.95,3137.9605
2018-12-13,3112.17,3070.196,3134.0535
2018-12-14,3092.6,3077.0099999999998,3129.6465
2018-12-17,3063.65,3086.3419999999996,3124.8125
2018-12-18,3040.13,3083.304,3121.0155
2018-12-19,3051.38,3071.986,3115.889
2018-12-20,3000.06,3049.5640000000003,3109.5585
2018-12-21,3000.61,3031.166,3102.7285
2018-12-24,2973.78,3013.192,3092.782
2018-12-27,2937.36,2992.638,3081.329
2018-12-28,2986.53,2979.6680000000006,3072.241
2018-12-31,3001.42,2979.94,3063.604
2019-01-02,2993.18,2978.454,3054.6065
2019-01-03,2954.66,2974.63,3041.59
2019-01-04,3041.85,2995.528,3034.2200000000003
2019-01-07,3033.64,3004.95,3028.3885
2019-01-08,3054.94,3015.6539999999995,3028.8385000000003
2019-01-09,3070.24,3031.066,3029.424
2019-01-10,3075.73,3055.2799999999997,3032.361
2019-01-11,3070.04,3060.918,3033.097
2019-01-14,3055.18,3065.226,3030.4574999999995
2019-01-15,3068.05,3067.848,3028.2515
2019-01-16,3077.22,3069.244,3027.4825
2019-01-17,3069.35,3067.968,3027.7675
2019-01-18,3134.92,3080.944,3032.507
2019-01-21,3125.07,3094.922,3036.1915
2019-01-22,3112.8,3103.8720000000003,3041.8285
2019-01-23,3112.13,3110.8540000000003,3047.4044999999996
2019-01-24,3126.31,3122.246,3055.031
2019-01-25,3163.24,3127.9100000000003,3066.325
2019-01-28,3137.27,3130.35,3073.862
2019-01-29,3153.42,3138.4739999999997,3081.4620000000004
2019-01-30,3161.74,3148.3959999999997,3089.8900000000003
2019-01-31,3159.43,3155.0199999999995,3100.1285
2019-02-01,3171.12,3156.596,3106.5919999999996
2019-02-04,3165.2,3162.182,3113.17
2019-02-05,3215.04,3174.506,3121.175
2019-02-06,3212.75,3184.708,3128.3005000000003
2019-02-07,3150.76,3182.974,3132.0519999999997
2019-02-08,3135.62,3175.874,3135.331
2019-02-11,3165.61,3175.956,3140.8525
2019-02-12,3190.75,3171.098,3146.9875
2019-02-13,3202.37,3169.022,3153.245
2019-02-14,3182.66,3175.4019999999996,3158.9105
2019-02-15,3241.25,3196.528,3164.227
2019-02-18,3244.79,3212.364,3170.213
2019-02-19,3239.41,3222.096,3176.5434999999998
2019-02-20,3259.49,3233.52,3183.9115
2019-02-21,3263.7,3249.728,3190.781
2019-02-22,3270.55,3255.5879999999997,3196.1465
2019-02-25,3280.01,3262.632,3203.2835
2019-02-26,3289.32,3272.614,3210.0785
2019-02-27,3282.77,3277.2699999999995,3216.13
2019-02-28,3298.26,3284.182,3223.0715
2019-03-01,3312.1,3292.4919999999997,3230.1205
2019-03-04,3317.12,3299.9139999999998,3237.7165
2019-03-05,3327.19,3307.4880000000003,3243.3239999999996
2019-03-06,3324.67,3315.868,3248.9199999999996
2019-03-07,3308.85,3317.986,3256.8245
2019-03-08,3283.6,3312.286,3264.2235
2019-03-11,3304.44,3309.75,3271.165
2019-03-12,3303.95,3305.102,3276.825
2019-03-13,3323.45,3304.858,3282.879
2019-03-14,3342.03,3311.494,3290.8475
2019-03-15,3386.08,3331.9900000000002,3298.089
2019-03-18,3387.94,3348.69,3305.2464999999997
2019-03-19,3409.0,3369.7,3313.7259999999997
2019-03-20,3372.38,3379.486,3319.3705
2019-03-21,3367.4,3384.56,3324.5555
2019-03-22,3305.73,3368.4900000000002,3326.3144999999995
2019-03-25,3300.48,3350.9979999999996,3327.3380000000006
2019-03-26,3319.53,3333.1040000000003,3328.8485
2019-03-27,3322.04,3323.036,3330.8120000000004
2019-03-28,3320.29,3313.614,3331.9135
2019-03-29,3351.71,3322.81,3333.8940000000002
2019-04-01,3385.38,3339.79,3337.307
2019-04-02,3395.7,3355.024,3340.7325000000005
2019-04-03,3435.56,3377.728,3346.2770000000005
2019-04-04,3441.93,3402.0559999999996,3352.9309999999996
2019-04-05,3447.47,3421.208,3361.1245000000004
2019-04-08,3438.06,3431.7439999999997,3367.8055
2019-04-09,3417.22,3436.048,3373.469
2019-04-10,3424.65,3433.8659999999995,3378.529
2019-04-11,3435.34,3432.5480000000002,3383.1945
2019-04-12,3447.83,3432.62,3386.282
2019-04-15,3450.46,3435.1,3389.4080000000004
2019-04-16,3463.36,3444.328,3392.126
2019-04-17,3477.73,3454.9440000000004,3397.3934999999997
2019-04-18,3499.23,3467.722,3403.9849999999997
2019-04-23,3503.85,3478.9260000000004,3413.8909999999996
2019-04-24,3502.63,3489.3599999999997,3423.9985
2019-04-25,3491.92,3495.072,3432.618
2019-04-26,3500.41,3499.608,3441.5364999999997
2019-04-29,3501.94,3500.15,3450.619
2019-04-30,3514.62,3502.304,3458.7644999999998
2019-05-01,3514.62,3504.702,3465.2264999999998
2019-05-02,3488.93,3504.1040000000003,3469.888
2019-05-03,3502.48,3504.518,3473.2339999999995
2019-05-06,3462.95,3496.72,3474.285
2019-05-07,3401.16,3474.028,3471.9695
2019-05-08,3417.26,3454.5559999999996,3470.9294999999997
2019-05-09,3350.71,3426.9119999999994,3467.6040000000003
2019-05-10,3361.05,3398.626,3464.424
2019-05-13,3320.78,3370.192,3458.696
2019-05-14,3364.38,3362.8360000000002,3454.5235000000002
2019-05-15,3385.78,3356.54,3451.2895000000003
2019-05-16,3438.56,3374.1099999999997,3450.0495
2019-05-17,3425.64,3387.028,3447.4449999999997
2019-05-20,3369.78,3396.828,3440.9725
2019-05-21,3386.51,3401.254,3435.1055
2019-05-22,3386.72,3401.442,3429.31
2019-05-23,3327.2,3379.1699999999996,3421.0739999999996
2019-05-24,3350.7,3364.182,3413.5885000000003
2019-05-27,3364.04,3363.0339999999997,3406.6935
2019-05-28,3348.86,3355.504,3398.4055
2019-05-29,3297.81,3337.722,3387.565
2019-05-30,3318.15,3335.9119999999994,3379.0260000000003
2019-05-31,3280.43,3321.858,3367.9235
2019-06-03,3300.22,3309.0939999999996,3359.7869999999994
2019-06-04,3333.49,3306.0199999999995,3356.4035000000003
2019-06-05,3339.95,3314.4479999999994,3352.5379999999996
2019-06-06,3338.41,3318.5,3351.9230000000002
2019-06-07,3378.38,3338.0899999999992,3352.7895
2019-06-10,3386.45,3355.3360000000002,3356.0729999999994
2019-06-11,3401.1,3368.858,3357.9089999999997
2019-06-12,3386.63,3378.1940000000004,3357.9515
2019-06-13,3390.5,3388.612,3355.5485
2019-06-14,3379.19,3388.774,3353.226
2019-06-17,3383.21,3388.126,3353.8975
2019-06-18,3452.89,3398.4839999999995,3357.2165
2019-06-19,3454.7,3412.0979999999995,3360.6155
2019-06-20,3468.08,3427.614,3367.6595
2019-06-21,3466.92,3445.16,3373.4705000000004
2019-06-24,3455.57,3459.632,3378.047
2019-06-25,3444.36,3457.9260000000004,3382.822
2019-06-26,3442.95,3455.5759999999996,3390.079
2019-06-27,3442.38,3450.436,3396.2905
2019-06-28,3473.69,3451.79,3405.9535000000005
2019-07-01,3497.59,3460.1940000000004,3415.822
2019-07-02,3507.98,3472.918,3424.5465000000004
2019-07-03,3540.63,3492.454,3434.5805
2019-07-04,3544.15,3512.808,3444.8675000000003
2019-07-05,3527.98,3523.666,3452.3475
2019-07-08,3523.76,3528.9,3459.2130000000006
2019-07-09,3509.75,3529.254,3464.6455
2019-07-10,3501.52,3521.432,3470.3900000000003
2019-07-11,3496.73,3511.9480000000003,3475.7015
2019-07-12,3497.63,3505.8779999999997,3481.6235
2019-07-15,3502.22,3501.5699999999997,3487.5739999999996
2019-07-16,3521.36,3503.892,3490.9975
2019-07-17,3501.58,3503.904,3493.3415
2019-07-18,3482.83,3501.1240000000007,3494.079
2019-07-19,3480.18,3497.6339999999996,3494.7420000000006
2019-07-22,3489.92,3495.174,3496.4595
2019-07-23,3532.87,3497.476,3500.8849999999998
2019-07-24,3532.9,3503.7400000000002,3505.3824999999997
2019-07-25,3510.15,3509.204,3508.7709999999997
2019-07-26,3524.47,3518.0619999999994,3511.31
2019-07-29,3523.58,3524.7940000000003,3512.6095
2019-07-30,3462.85,3510.79,3510.353
2019-07-31,3466.85,3497.5799999999995,3506.6639999999998
2019-08-01,3490.03,3493.5559999999996,3503.958
2019-08-02,3376.12,3463.886,3496.3650000000002
2019-08-05,3310.93,3421.3559999999998,3485.7235
2019-08-06,3291.66,3387.118,3474.8189999999995
2019-08-07,3309.99,3355.746,3465.2424999999994
2019-08-08,3375.38,3332.8160000000003,3459.175
2019-08-09,3333.74,3324.3399999999992,3450.980499999999
2019-08-12,3326.55,3327.464,3442.197
2019-08-13,3357.16,3340.564,3433.9869999999996
2019-08-14,3288.7,3336.3059999999996,3423.343
2019-08-15,3282.78,3317.786,3413.3405
2019-08-16,3329.08,3316.8540000000003,3405.7855000000004
2019-08-19,3369.19,3325.382,3399.749
2019-08-20,3350.23,3323.996,3390.6169999999997
2019-08-21,3394.89,3345.2339999999995,3383.7165
2019-08-22,3373.67,3363.4119999999994,3376.8924999999995
2019-08-23,3334.25,3364.446,3367.3814999999995
2019-08-26,3348.84,3360.376,3358.6445
2019-08-27,3370.47,3364.424,3354.0255000000006
2019-08-28,3365.38,3358.522,3348.9519999999998
2019-08-29,3411.33,3366.054,3345.017
2019-08-30,3426.76,3384.5559999999996,3347.549
2019-09-02,3432.54,3401.296,3353.6295
2019-09-03,3420.74,3411.35,3360.0834999999997
2019-09-04,3450.83,3428.44,3367.1254999999996
2019-09-05,3484.7,3443.114,3372.5915
2019-09-06,3495.19,3456.8,3380.6639999999998
2019-09-09,3495.02,3469.296,3389.0875
2019-09-10,3498.99,3484.946,3396.179
2019-09-11,3516.82,3498.1440000000002,3407.585
2019-09-12,3538.86,3508.976,3420.389
2019-09-13,3550.11,3519.9600000000005,3431.4404999999997
2019-09-16,3518.45,3524.6459999999997,3438.9034999999994
2019-09-17,3521.26,3529.1,3447.4550000000004
2019-09-18,3528.04,3531.344,3454.1125
2019-09-19,3552.65,3534.1020000000003,3463.0615000000007
2019-09-20,3571.39,3538.358,3474.9185000000007
2019-09-23,3536.97,3542.0619999999994,3484.325
2019-09-24,3532.05,3544.2200000000003,3492.4039999999995
2019-09-25,3513.03,3541.218,3499.7865000000006
2019-09-26,3532.18,3537.124,3505.829
2019-09-27,3545.88,3532.022,3511.7850000000008
2019-09-30,3569.45,3538.518,3518.6305
2019-10-01,3518.25,3535.7580000000003,3523.506
2019-10-02,3413.31,3515.814,3521.63
2019-10-03,3417.37,3492.852,3518.2634999999996
2019-10-04,3446.71,3473.018,3515.8395000000005
2019-10-07,3471.24,3453.3759999999993,3514.6505000000006
2019-10-08,3432.76,3436.278,3511.339
2019-10-09,3462.11,3446.0379999999996,3508.6035
2019-10-10,3493.96,3461.3560000000007,3506.3585
2019-10-11,3569.92,3485.9980000000005,3507.3490000000006
2019-10-14,3556.26,3503.0020000000004,3509.2395000000006
2019-10-15,3598.65,3536.1800000000003,3513.1089999999995
2019-10-16,3599.25,3563.608,3516.6695
2019-10-17,3588.62,3582.54,3518.468
2019-10-18,3579.41,3584.4380000000006,3518.8689999999997
2019-10-21,3600.08,3593.202,3522.0244999999995
2019-10-22,3604.82,3594.436,3525.6630000000005
2019-10-23,3606.89,3595.964,3530.3560000000007
2019-10-24,3621.37,3602.514,3534.8154999999997
2019-10-25,3624.68,3611.568,3538.7555
2019-10-28,3625.69,3616.69,3541.5674999999997
2019-10-29,3622.09,3620.1440000000002,3546.7595
2019-10-30,3620.29,3622.8240000000005,3557.1085
2019-10-31,3604.41,3619.432,3566.4605
2019-11-01,3623.74,3619.244,3575.3119999999994
2019-11-04,3665.21,3627.148,3585.0105000000003
2019-11-05,3676.52,3638.0340000000006,3597.1985
2019-11-06,3688.74,3651.7239999999997,3608.5299999999997
2019-11-07,3706.68,3672.178,3619.166
2019-11-08,3699.65,3687.3599999999997,3625.6524999999992
2019-11-11,3696.82,3693.682,3632.6805
2019-11-12,3712.2,3700.818,3638.358
2019-11-13,3699.5,3702.97,3643.3705
2019-11-14,3688.81,3699.3959999999997,3648.3799999999997
2019-11-15,3711.61,3701.7880000000005,3654.9900000000002
2019-11-18,3704.92,3703.4080000000004,3660.232
2019-11-19,3696.56,3700.28,3664.8189999999995
2019-11-20,3683.88,3697.156,3668.6684999999998
2019-11-21,3679.66,3695.326,3671.583
2019-11-22,3687.32,3690.468,3674.7149999999992
2019-11-25,3707.68,3691.0199999999995,3678.8145000000004
2019-11-26,3705.55,3692.818,3682.9875
2019-11-27,3712.85,3698.6119999999996,3687.6155
2019-11-28,3704.48,3703.576,3692.619
2019-11-29,3703.58,3706.828,3696.611
2019-12-02,3626.66,3690.624,3694.6835
2019-12-03,3610.99,3671.7120000000004,3691.407
2019-12-04,3660.02,3661.1459999999997,3689.9710000000005
2019-12-05,3648.13,3649.876,3687.0434999999998
2019-12-06,3692.34,3647.6279999999997,3686.678
2019-12-09,3672.18,3656.732,3685.446
2019-12-10,3671.78,3668.8900000000003,3683.425
2019-12-11,3687.45,3674.376,3682.8224999999998
2019-12-12,3706.35,3686.0199999999995,3683.6995
2019-12-13,3731.07,3693.7659999999996,3684.6724999999997
2019-12-16,3772.74,3713.8779999999997,3688.0635
2019-12-17,3745.28,3728.578,3690.4995000000004
2019-12-18,3739.0,3738.888,3693.2555
2019-12-19,3739.17,3745.452,3696.2309999999998
2019-12-20,3776.56,3754.55,3700.693
2019-12-23,3776.66,3755.334,3704.142
2019-12-24,3774.39,3761.156,3707.584
2019-12-27,3782.27,3769.81,3711.0550000000003
2019-12-30,3748.47,3771.6699999999996,3713.2545
2019-12-31,3745.15,3765.388,3715.333
2020-01-02,3793.24,3768.7039999999993,3723.6620000000003
2020-01-03,3773.37,3768.5,3731.781
2020-01-06,3752.52,3762.55,3736.4060000000004
2020-01-07,3759.25,3764.7059999999997,3741.9620000000004
2020-01-08,3772.56,3770.1879999999996,3745.9730000000004
2020-01-09,3795.88,3770.7160000000003,3752.1580000000004
2020-01-10,3789.52,3773.946,3758.0449999999996
2020-01-13,3779.68,3779.3779999999997,3762.6565
2020-01-14,3774.88,3782.504,3766.083
2020-01-15,3768.96,3781.7839999999997,3767.9775
2020-01-16,3774.14,3777.436,3768.0474999999997
2020-01-17,3808.26,3781.1839999999997,3771.1964999999996
2020-01-20,3799.03,3785.054,3774.1980000000003
2020-01-21,3789.12,3787.9020000000005,3776.6955000000003
2020-01-22,3769.79,3788.068,3776.357
2020-01-23,3736.85,3780.6099999999997,3774.3665
2020-01-24,3779.16,3774.79,3774.6050000000005
2020-01-27,3677.84,3750.5520000000006,3769.3835
2020-01-28,3719.22,3736.572,3767.921
2020-01-29,3736.36,3729.886,3767.4815000000003
2020-01-30,3690.78,3720.672,3762.3585
2020-01-31,3640.91,3693.022,3755.7355000000002
2020-02-03,3661.27,3689.708,3751.173
2020-02-04,3732.28,3692.3199999999997,3749.8244999999997
2020-02-05,3777.84,3700.6160000000004,3750.0885000000003
2020-02-06,3805.52,3723.564,3750.5704999999994
2020-02-07,3798.49,3755.0800000000004,3751.0190000000002
2020-02-10,3793.18,3781.4619999999995,3751.6940000000004
2020-02-11,3825.84,3800.1740000000004,3754.2419999999997
2020-02-12,3854.43,3815.4919999999997,3758.5155
2020-02-13,3846.74,3823.736,3762.1455
2020-02-14,3840.97,3832.232,3763.7810000000004
2020-02-17,3853.27,3844.25,3766.4929999999995
2020-02-18,3836.54,3846.3900000000003,3768.864
2020-02-19,3865.18,3848.5399999999995,3773.6335
2020-02-20,3822.98,3843.7879999999996,3777.94
2020-02-21,3800.38,3835.6699999999996,3779.0009999999993
2020-02-24,3647.98,3794.6119999999996,3777.5080000000003
2020-02-25,3572.51,3741.8059999999996,3770.1724999999997
2020-02-26,3577.68,3684.3059999999996,3762.2384999999995
2020-02-27,3455.92,3610.8940000000002,3750.4955
2020-02-28,3329.49,3516.7159999999994,3734.9244999999996
2020-03-02,3338.83,3454.886,3718.8025000000002
2020-03-03,3371.97,3414.778,3700.7870000000003
2020-03-04,3420.56,3383.3540000000003,3682.923
2020-03-05,3363.58,3364.886,3660.826
2020-03-06,3232.07,3345.4019999999996,3632.505
2020-03-09,2959.07,3269.45,3590.7995
2020-03-10,2910.02,3177.06,3545.0085
2020-03-11,2905.56,3074.0600000000004,3497.565
2020-03-12,2545.23,2910.3900000000003,3432.4894999999997
2020-03-13,2586.02,2781.1800000000003,3369.7419999999997
2020-03-16,2450.37,2679.4399999999996,3299.597
2020-03-17,2530.5,2603.536,3234.295
2020-03-18,2385.82,2499.5879999999997,3160.327
2020-03-19,2454.08,2481.358,3091.882
2020-03-20,2548.5,2473.8540000000003,3029.2879999999996
2020-03-23,2485.54,2480.888,2971.166
2020-03-24,2715.11,2517.8100000000004,2928.296
2020-03-25,2800.14,2600.674,2889.419
2020-03-26,2847.78,2679.414,2859.0119999999997
2020-03-27,2728.65,2715.444,2828.9700000000003
2020-03-30,2765.62,2771.46,2800.3095000000003
2020-03-31,2786.9,2785.818,2771.056
2020-04-01,2680.3,2761.85,2734.043
2020-04-02,2688.49,2729.9919999999997,2700.2885
2020-04-03,2662.99,2716.8599999999997,2671.8345
2020-04-06,2795.97,2722.9300000000003,2663.6795
2020-04-07,2857.67,2737.084,2661.062
2020-04-08,2851.27,2771.278,2658.3475
2020-04-09,2892.79,2812.138,2675.7255
2020-04-14,2917.74,2863.088,2692.3115
2020-04-15,2808.2,2865.534,2710.203
2020-04-16,2812.35,2856.4700000000003,2724.2954999999997
2020-04-17,2888.3,2863.876,2749.4195
2020-04-20,2909.5,2867.218,2772.1905
2020-04-21,2791.34,2841.9379999999996,2784.3325
2020-04-22,2834.9,2847.2780000000002,2801.8005000000003
2020-04-23,2852.46,2855.3,2808.668
2020-04-24,2809.07,2839.454,2809.1145
2020-04-27,2882.09,2833.972,2810.8300000000004
2020-04-28,2932.06,2862.1160000000004,2821.0005
2020-04-29,2996.08,2894.352,2832.5235000000002
2020-04-30,2927.93,2909.446,2839.575
2020-05-01,2927.93,2933.218,2851.9565000000002
2020-05-04,2816.48,2920.096,2858.3559999999998
2020-05-05,2875.91,2908.8659999999995,2869.002
2020-05-06,2843.76,2878.4019999999996,2871.3914999999997
2020-05-07,2880.6,2868.9359999999997,2872.538
2020-05-08,2908.11,2864.972,2875.38
2020-05-11,2883.75,2878.4260000000004,2874.928
2020-05-12,2884.2,2880.0840000000003,2873.251
2020-05-13,2810.55,2873.442,2873.3684999999996
2020-05-14,2760.23,2849.368,2870.7625
2020-05-15,2770.7,2821.886,2864.8824999999997
2020-05-18,2911.88,2827.5119999999997,2865.0015
2020-05-19,2902.58,2831.188,2870.5635
2020-05-20,2942.39,2857.5559999999996,2875.938
2020-05-21,2904.98,2886.5060000000003,2878.564
2020-05-22,2905.47,2913.46,2883.384
2020-05-25,2971.35,2925.3540000000003,2887.8469999999998
2020-05-26,2999.22,2944.682,2891.205
2020-05-27,3051.08,2966.42,2893.955
2020-05-28,3094.47,3004.3179999999998,2902.282
2020-05-29,3050.2,3033.264,2908.3954999999996
2020-06-02,3156.45,3070.2839999999997,2925.394
2020-06-03,3269.59,3124.3579999999997,2945.078
2020-06-04,3261.67,3166.4759999999997,2965.9735
2020-06-05,3384.29,3224.44,2991.158
2020-06-08,3368.35,3288.0699999999997,3014.17
2020-06-09,3320.71,3320.922,3036.0179999999996
2020-06-10,3293.71,3325.746,3056.4934999999996
2020-06-11,3144.57,3302.326,3073.1944999999996
2020-06-12,3153.74,3256.216,3092.87
2020-06-15,3136.4,3209.826,3111.155
2020-06-16,3242.65,3194.214,3127.6935
2020-06-17,3267.26,3188.924,3145.9275
2020-06-18,3249.9,3209.9900000000002,3161.303
2020-06-19,3269.1,3233.062,3179.509
2020-06-22,3241.69,3254.12,3196.32
2020-06-23,3298.83,3265.356,3212.6940000000004
2020-06-24,3196.12,3251.1279999999997,3222.5389999999998
2020-06-25,3218.91,3244.9299999999994,3230.9305
2020-06-26,3204.17,3231.9440000000004,3236.4155
2020-06-29,3232.02,3230.0099999999998,3245.5065
2020-06-30,3234.07,3217.058,3249.3875
2020-07-01,3228.45,3223.5240000000003,3247.3305
2020-07-02,3320.09,3243.7599999999998,3250.2515
2020-07-03,3294.38,3261.8020000000006,3245.7560000000003
2020-07-06,3350.03,3285.404,3244.84
2020-07-07,3321.56,3302.9020000000005,3244.8825
2020-07-08,3286.09,3314.4300000000003,3244.5015000000003
2020-07-09,3261.17,3302.6459999999997,3250.3315000000002
2020-07-10,3296.22,3303.014,3257.4555
2020-07-13,3350.0,3303.0080000000003,3268.1355000000003
2020-07-14,3321.39,3302.9739999999997,3272.0725
2020-07-15,3378.21,3321.3979999999997,3277.62
2020-07-16,3365.35,3342.2340000000004,3283.3925000000004
2020-07-17,3365.6,3356.1099999999997,3288.2175
2020-07-20,3388.34,3363.778,3295.55
2020-07-21,3405.35,3380.5699999999997,3300.8759999999993
2020-07-22,3370.76,3379.0800000000004,3309.608
2020-07-23,3371.74,3380.358,3317.2494999999994
2020-07-24,3310.89,3369.416,3322.5854999999997
2020-07-27,3302.84,3352.3160000000003,3326.1265
2020-07-28,3303.56,3331.958,3329.601
2020-07-29,3300.16,3317.8379999999997,3333.1865
2020-07-30,3208.2,3285.1299999999997,3327.5919999999996
2020-07-31,3174.32,3257.816,3321.589
2020-08-03,3248.28,3246.904,3316.5015
2020-08-04,3254.29,3237.05,3313.138
2020-08-05,3268.38,3230.6940000000004,3312.2525
2020-08-06,3240.39,3237.132,3311.2135000000003
2020-08-07,3252.65,3252.798,3309.035
2020-08-10,3259.71,3255.084,3304.5205
2020-08-11,3332.12,3270.65,3305.057
2020-08-12,3363.18,3289.6099999999997,3304.3055
2020-08-13,3342.85,3310.102,3303.1805
2020-08-14,3305.05,3320.582,3300.153
2020-08-17,3305.85,3329.81,3296.0284999999994
2020-08-18,3289.64,3321.314,3290.243
2020-08-19,3317.62,3312.2019999999998,3287.5860000000002
2020-08-20,3273.98,3298.428,3282.6979999999994
2020-08-21,3259.75,3289.368,3280.1410000000005
2020-08-24,3331.74,3294.546,3281.5860000000002
2020-08-25,3329.71,3302.56,3282.8934999999997
2020-08-26,3356.76,3310.388,3285.7235
2020-08-27,3331.04,3321.8,3291.8655
2020-08-28,3315.54,3332.958,3298.9265
2020-08-31,3272.51,3321.112,3300.138
2020-09-01,3277.58,3310.686,3301.3025000000002
2020-09-02,3337.77,3306.888,3304.772
2020-09-03,3304.22,3301.524,3307.9635000000003
2020-09-04,3260.59,3290.5339999999997,3308.3605000000002
2020-09-07,3314.07,3298.846,3311.0785000000005
2020-09-08,3267.37,3296.804,3307.8409999999994
2020-09-09,3324.83,3294.2160000000003,3305.9235
2020-09-10,3312.77,3295.9259999999995,3304.4195
2020-09-11,3315.81,3306.97,3304.9574999999995
2020-09-14,3316.79,3307.514,3305.5045
2020-09-15,3332.26,3320.4919999999997,3307.6354999999994
2020-09-16,3338.84,3323.2940000000003,3308.6965000000005
2020-09-17,3316.57,3324.054,3310.826
2020-09-18,3283.69,3317.63,3312.023
2020-09-21,3160.95,3286.4620000000004,3303.4835
2020-09-22,3164.13,3252.8360000000002,3295.2045
2020-09-23,3180.11,3221.09,3286.3720000000003
2020-09-24,3159.64,3189.704,3277.8019999999997
2020-09-25,3137.06,3160.3779999999997,3268.8779999999997
2020-09-28,3223.19,3172.826,3266.412
2020-09-29,3214.3,3182.8599999999997,3263.2480000000005
2020-09-30,3193.61,3185.56,3256.04
2020-10-01,3194.09,3192.45,3250.5335
2020-10-02,3190.93,3203.224,3247.0505000000003
2020-10-05,3220.22,3202.63,3242.358
2020-10-06,3233.3,3206.4300000000003,3240.6544999999996
2020-10-07,3233.43,3214.394,3236.0845
2020-10-08,3255.76,3226.728,3233.234
2020-10-09,3273.12,3243.166,3231.0995000000003
2020-10-12,3298.12,3258.746,3230.166
2020-10-13,3279.19,3267.924,3227.5125
2020-10-14,3273.28,3275.8940000000002,3224.2345
2020-10-15,3192.69,3263.28,3218.0405
2020-10-16,3245.47,3257.75,3216.1295
2020-10-19,3242.51,3246.628,3220.2074999999995
2020-10-20,3227.87,3236.364,3223.3945
2020-10-21,3180.7,3217.848,3223.424
2020-10-22,3171.41,3213.5919999999996,3224.0125
2020-10-23,3198.86,3204.2699999999995,3227.1025
2020-10-26,3105.25,3176.818,3221.2055
2020-10-27,3070.6,3145.364,3214.0204999999996
2020-10-28,2963.54,3101.932,3202.5170000000003
2020-10-29,2960.03,3059.656,3190.814
2020-10-30,2958.21,3011.526,3179.178
2020-11-02,3019.54,2994.3840000000005,3169.144
2020-11-03,3098.72,3000.0080000000003,3162.415
2020-11-04,3161.07,3039.514,3158.797
2020-11-05,3215.56,3090.62,3156.787
2020-11-06,3204.05,3139.788,3153.3334999999997
2020-11-09,3407.91,3217.4620000000004,3158.823
2020-11-10,3442.62,3286.2419999999997,3166.9945
2020-11-11,3467.3,3347.488,3176.6955000000003
2020-11-12,3428.2,3390.0160000000005,3188.471
2020-11-13,3432.07,3435.62,3197.801
2020-11-16,3466.21,3447.28,3208.986
2020-11-17,3468.48,3452.452,3221.0165
2020-11-18,3482.17,3455.4260000000004,3236.09
2020-11-19,3451.97,3460.1800000000003,3250.118
2020-11-20,3467.6,3467.286,3263.555
2020-11-23,3463.04,3466.6519999999996,3281.4445
2020-11-24,3507.98,3474.5520000000006,3303.3135
2020-11-25,3511.9,3480.4980000000005,3330.7315000000003
2020-11-26,3510.94,3492.292,3358.2770000000005
2020-11-27,3527.79,3504.3300000000004,3386.756
2020-11-30,3492.54,3510.2300000000005,3410.406
2020-12-01,3525.24,3513.682,3431.732
2020-12-02,3521.32,3515.5660000000003,3449.7445
2020-12-03,3517.1,3516.798,3464.8215000000005
2020-12-04,3539.27,3519.0939999999996,3481.5824999999995
2020-12-07,3530.08,3526.602,3487.691
2020-12-08,3525.87,3526.728,3491.8535
2020-12-09,3529.02,3528.268,3494.9394999999995
2020-12-10,3522.31,3529.31,3499.6449999999995
2020-12-11,3485.84,3518.624,3502.3334999999997
2020-12-14,3503.96,3513.4,3504.221
2020-12-15,3521.5,3512.5260000000003,3506.8720000000003
2020-12-16,3543.0,3515.322,3509.9134999999997
2020-12-17,3560.87,3523.0340000000006,3515.3585000000007
2020-12-18,3545.74,3535.014,3519.2655
2020-12-21,3448.68,3523.958,3518.5475000000006
2020-12-22,3497.49,3519.156,3518.0229999999997
2020-12-23,3539.26,3518.4080000000004,3519.3910000000005
2020-12-24,3543.28,3514.8900000000003,3521.0080000000003
2020-12-28,3575.41,3520.8239999999996,3523.389
2020-12-29,3581.37,3547.362,3527.8305
2020-12-30,3571.59,3562.182,3530.1479999999997
2020-12-31,3552.64,3564.858,3531.714
